eyesbottom
605 100
627 100
628 100
3709 100
3710 100
73 100
71 100
76 100
68 100
69 100
626 84
606 84
604 84
603 84
602 84
75 84
77 84
78 84
91 84
565 84
566 84
567 84
568 100
569 100
3706 100
1934 100
1936 100
1928 100
1926 100
9517 100
9515 100
1925 100
9412 100
9414 100
9415 100
9410 100
9407 100
9408 100
9648 100
9587 100
9584 84
9583 84
9430 84
9417 84
9416 84
9514 84
1923 84
1927 84
1929 84
1935 84
1924 84
9572 68
9575 68
9429 68
9418 68
9419 68
9513 68
1917 68
1916 68
1918 68
1919 68
1930 68
9358 68
9359 68
20 68
19 68
625 68
594 68
591 68
600 68
601 68
3717 68
80 68
79 68
90 68
557 68
554 68
551 68
552 50
555 50
89 50
81 50
82 50
3718 50
588 50
585 50
592 50
595 50
624 50
18 50
1931 50
1920 50
1912 50
1913 50
1915 50
9512 50
9421 50
9420 50
9428 50
9573 50
9570 50
791 36
623 36
596 36
593 36
586 36
587 36
3719 36
84 36
83 36
87 36
556 36
553 36
549 36
550 36
9567 36
9568 36
9571 36
9574 36
9426 36
9422 36
9423 36
9511 36
1914 36
1910 36
1911 36
1921 36
1932 36
9357 36
9525 36
9370 36
