mouthDown
1503 100
1501 100
1603 100
1604 100
1496 100
1497 100
1500 100
1502 100
1607 100
1606 100
1598 100
1590 100
1491 100
1498 100
2072 100
1953 100
2070 100
1957 100
1998 100
8719 100
8714 100
9757 100
9835 100
9760 100
9765 100
1605 100
1591 100
9711 100
9715 100
2074 100
1484 100
1499 100
2145 100
1483 100
1482 100
1593 100
1595 100
1596 100
1838 100
1824 100
1594 100
1843 100
1825 100
1821 100
1592 100
1589 100
1485 100
1487 100
1488 100
1486 100
1668 100
1649 100
1650 100
1646 100
1662 100
8724 100
8712 100
8715 100
8720 100
1997 100
1962 100
1955 100
1952 100
1958 100
8713 72
8710 72
9836 72
1996 72
1968 72
1966 72
1954 72
1964 72
1669 72
1844 72
1597 72
8726 72
8769 72
1481 100
1492 100
1504 100
1599 100
1588 100
1584 100
1580 100
1581 100
1837 100
1827 100
1579 100
1578 100
1582 100
1587 100
1600 100
1505 100
1493 100
1480 100
1477 100
1475 100
1473 100
1471 100
1474 100
1472 100
1667 100
1661 100
1666 100
1470 100
1469 100
1476 100
1479 100
1494 100
1506 100
1601 100
1586 100
1583 100
1576 100
1577 100
1842 74
1829 74
1571 74
1840 74
1841 74
1572 74
1574 74
1585 74
1602 74
1507 74
1495 74
1478 74
1467 74
1465 74
1464 74
1665 74
1652 74
1654 74
1656 74
1463 84
1466 56
1513 56
1509 56
1508 56
1609 56
1608 56
1573 56
1569 56
1570 56
1510 44
1611 44
1610 44
1567 44
1568 44
1511 44
1512 44
1468 44
1516 28
1515 28
1514 28
1517 28
1612 28
1613 28
1566 28
1565 32
1564 14
