mmth3
2066 100
9763 100
2067 100
2069 100
2071 100
2073 100
2075 100
9761 100
9759 100
9758 100
9766 100
1745 100
2144 100
2159 100
2156 100
1638 100
1641 100
2155 100
2081 100
2080 100
2079 100
2077 100
2078 100
2076 100
9769 100
9767 100
9768 100
9834 100
9714 100
1800 100
9710 100
1803 100
1818 100
1817 100
1707 100
1759 100
1706 100
1705 100
1739 100
1740 100
1703 100
1704 100
1742 100
1692 100
1635 100
2045 100
1637 100
1634 100
1633 100
1632 100
1627 100
1688 100
1686 100
1690 100
1625 100
1687 100
1689 100
1691 100
1694 100
1693 100
1713 100
1710 100
1695 100
1696 100
1698 100
1697 100
1709 100
1716 100
1699 100
1700 100
1702 100
1701 100
1718 100
1767 100
1748 100
1747 100
1749 100
1750 100
1765 100
1760 100
1752 100
1751 100
1758 100
1755 100
1753 100
1754 100
1761 100
1789 100
1791 100
1757 100
1756 100
9708 100
1790 100
1792 100
1788 100
1808 100
1793 100
1794 100
1797 100
9709 100
9706 100
9704 100
1743 100
1799 100
1804 100
1807 100
1795 100
1798 100
1796 100
1806 100
1805 100
9701 100
1801 100
1820 100
1839 100
9702 100
1636 100
1628 100
1624 100
1622 100
1626 100
1684 100
1685 100
1714 100
1712 100
1711 100
1715 100
1630 100
1623 100
1629 100
1631 100
1621 100
1663 100
1671 100
1645 100
1644 100
1640 100
1642 100
2025 100
1639 100
1664 100
1717 100
1766 100
1764 100
1762 100
1763 100
1787 100
1724 100
1721 100
1725 100
1773 100
1770 100
1768 100
1719 100
1681 100
1683 100
1720 100
1769 100
1786 100
1809 100
1783 100
1784 100
1811 100
1810 100
1812 100
1741 100
9705 100
9703 100
1726 100
1727 100
1774 100
1771 100
1772 100
1776 100
1782 100
1785 100
1682 100
1729 100
1723 100
1722 100
1679 100
1678 100
1618 100
1867 100
2148 100
1802 100
1708 100
9707 100
1746 100
1744 100
