nose
1331 100
1327 100
1351 100
915 100
684 100
683 100
682 100
681 100
914 100
1365 100
916 100
1347 100
685 100
667 100
917 88
1366 88
962 88
1353 88
1354 88
1352 88
1330 88
1328 88
1329 88
1326 88
731 88
1348 88
686 88
1367 88
981 88
965 88
960 88
959 88
961 88
963 88
966 88
729 88
730 88
732 88
1349 88
750 88
734 88
733 70
710 70
749 70
711 70
980 70
941 70
942 70
1333 70
1332 70
1334 70
1355 70
1356 70
958 70
727 70
668 88
901 88
902 88
666 88
669 88
679 72
663 72
662 72
664 72
899 72
900 72
912 72
918 72
674 54
680 54
687 54
661 54
660 54
665 54
897 54
898 54
907 54
913 54
903 54
895 54
896 54
892 54
891 54
656 54
659 54
658 54
670 54
671 38
657 38
655 38
890 38
889 38
894 38
904 38
906 38
905 38
673 38
672 38
908 26
909 26
920 26
1368 26
688 26
689 26
675 26
676 26
1388 26
653 26
654 26
893 26
1943 26
1949 26
161 12
162 12
166 12
886 12
885 12
1891 12
1889 12
1944 12
1948 12
910 12
646 12
644 12
652 12
1387 12
677 12
957 74
967 74
968 74
969 74
964 74
971 74
728 74
735 74
737 74
736 74
726 74
1350 74
748 74
740 74
760 74
738 74
970 74
994 74
979 74
978 74
940 74
937 74
936 74
934 74
705 74
703 74
706 74
709 74
704 74
707 74
708 74
