LipsUp
1708 100
1702 100
1700 100
1707 100
1746 100
1747 100
1759 100
1749 100
1706 100
1698 100
1705 100
1696 100
1695 74
1697 74
1699 74
1701 74
1748 74
1750 74
1752 74
1751 74
1758 74
1718 74
1767 74
1765 56
1760 56
1755 56
1753 56
1754 56
1761 56
1716 56
1709 56
1710 56
1713 56
1693 56
1694 56
1498 56
1704 56
1691 56
1689 44
1687 44
1714 44
1712 44
1711 44
1715 44
1717 44
1766 44
1764 44
1762 44
1763 44
1768 44
1770 28
1773 28
1725 28
1724 28
1721 28
1719 28
1685 28
1683 28
1720 12
1729 12
1682 12
1723 12
1722 12
1726 12
1727 12
1774 12
1771 12
1772 12
1776 12
1769 12
1703 12
1692 12
1690 28
1688 28
1686 52
1684 52
1756 38
1757 38
1791 66
1789 34
1637 34
1635 34
1633 34
1632 34
1627 34
1625 34
9708 34
1792 34
1790 34
1788 34
1787 34
1786 34
1783 34
1681 34
1626 34
1679 34
1028 34
1624 34