lpsUp2
1708 100
1746 100
9707 100
1743 100
1707 100
1706 100
1705 100
1759 100
1755 100
1703 100
1704 100
1756 100
9708 100
1799 100
1797 100
1800 100
1798 100
1796 100
1795 100
1794 100
1808 100
1793 100
1792 100
1790 100
1788 100
1789 100
1787 100
1763 100
1762 100
1764 100
1765 100
1750 100
1760 100
1761 100
1791 100
1753 100
1754 100
1752 100
1751 100
1749 100
1747 100
1748 100
1767 100
1766 100
1717 100
1718 100
1701 100
1715 100
1716 100
1699 100
1700 100
1702 100
1698 100
1697 100
1709 100
1711 100
1712 100
1710 100
1695 100
1696 100
1694 100
1693 100
1713 100
1687 100
1689 100
1691 100
1686 100
1688 100
1690 100
1692 100
1804 100
1801 100
9701 100
1805 100
1806 100
1807 100
1809 100
1786 100
1714 100
1685 100
1684 100
1627 100
1625 100
1632 100
1633 100
1635 100
1638 100
1641 100
1636 100
1634 100
1630 100
1628 100
1624 100
1622 100
1810 100
1812 100
1814 100
1640 100
1639 100
1631 100
1623 100
1629 100
1619 100
1621 100
1719 100
1721 100
1724 100
1725 100
1773 100
1770 100
1768 100
1769 100
1783 100
1784 100
1811 100
1813 100
1720 100
1683 100
1681 100
1626 100
1618 100
1678 100
1679 100
1682 100
1729 80
1723 80
1722 80
1726 80
1727 80
1774 80
1816 80
1867 80
1785 80
1782 80
1776 80
1772 80
1771 80
1620 80
1344 80
1343 80
1362 80
1363 80
1775 66
1777 66
1781 66
1868 66
1866 66
1815 66
1345 66
1728 66
1730 66
1734 66
1680 66
1677 66
1617 66
1731 66
1732 66
1346 66
1342 66
1341 36
1361 36
1364 36
1779 36
1778 36
1780 36
1869 36
1865 36
1857 36
1733 36
1372 36
1675 36
1676 36
1673 36
1672 36
1856 36
1674 36
1442 36
1863 36
1559 36
1864 24
1340 24
1338 24
1339 24
1359 24
1360 10
1029 10
1693 10
2066 10
9763 10
2067 10
2069 100
2071 100
2073 100
2075 100
2144 100
1637 100
2159 100
1745 100
1742 100
1739 100
1741 100
9705 100
9761 100
9759 100
9758 100
9766 100
9834 100
9714 100
9710 100
9833 100
9771 100
9770 100
9768 100
9767 100
9769 100
2076 100
2077 100
2078 100
2079 100
2080 100
2081 100
2143 100
9718 100
9716 100
2161 100
9713 100
9706 100
9709 100
370 100
370 100
1757 100
9703 100
9703 100
9704 100
1744 100
1205 100
