mouthfirst
1707 100
1708 100
1746 100
1605 100
9709 100
9834 100
9714 100
1800 100
1799 100
9706 100
9706 100
8714 100
8714 100
9706 100
9766 100
9704 100
8719 100
9705 100
9707 100
1744 100
1743 100
1957 100
1741 100
1739 100
1740 100
1742 100
1745 100
1499 100
1638 100
1486 100
1641 100
1488 100
1489 100
1489 100
1489 100
1488 100
1643 100
1668 100
1668 100
1669 100
1499 100
1637 100
1593 100
9713 100
9713 100
1803 100
9710 100
8791 100
1822 100
1822 100
1597 100
1844 100
1821 100
1595 100
1843 100
1818 100
1596 100
1953 100
9758 100
9759 100
9761 100
9763 100
2066 100
2067 100
2069 100
2071 100
2073 100
1742 100
2075 100
1745 100
2144 100
2159 100
9767 82
9769 82
2076 82
2077 82
2078 82
2079 82
2080 82
2081 82
2143 82
9768 82
9770 82
9771 82
9833 82
1962 80
1955 80
1997 80
8724 80
8712 80
8713 80
8726 80
8720 80
8715 80
1954 80
1952 80
1958 80
2156 80
2161 80
1641 80
2155 80
2167 80
2041 80
1647 80
1490 80
1490 80
2040 80
2054 80
1960 80
8722 80
8780 80
8780 80
8784 80
8781 80
9718 80
1964 80
9774 64
2082 64
2083 64
2084 64
2085 64
2086 64
2087 64
2142 64
2162 64
2152 64
2151 64
2166 64
2037 64
9772 64
9773 64
9777 64
9778 64
9832 64
9721 64
9719 64
9720 64
9755 64
8777 64
8728 64
1969 64
9716 68
9717 68
9717 68
9756 68
8779 68
8779 68
2154 68
2153 68
2165 68
2039 68
8778 32
8785 32
8725 32
8776 32
8794 32
8786 32
8774 32
8772 32
8787 32
8730 32
1976 32
2029 32
2063 32
2062 32
1963 32
2055 32
2038 32
2036 32
2034 32
2031 32
1702 76
1747 76
1700 76
1706 76
1705 76
1703 76
2144 76
1704 76
1692 76
1635 76
1636 76
1633 76
1690 76
1691 76
1694 76
1696 76
1698 76
1749 76
1759 76
9704 76
1758 76
1758 76
1751 76
1606 76
9703 76
1755 76
1755 76
1753 76
1757 76
1756 76
1791 76
1591 76
9708 76
1792 76
1593 76
1593 76
1593 76
9708 76
1797 76
1593 76
1794 76
1798 76
8795 76
1796 76
1796 76
1795 76
1793 76
1801 76
8795 76
1817 76
1817 76
1818 76
1744 76
1502 76
1607 76
1606 76
1598 76
1603 76
1501 76
1496 76
1500 76
1498 76
1491 76
1503 76
1604 76
1590 76
1589 56
1592 56
1484 56
1482 56
1483 56
1497 56
1492 56
1504 56
1599 56
1748 56
1702 56
1701 56
1700 56
1699 56
1697 56
1695 56
1693 56
1689 56
1688 56
1750 56
1752 56
1754 56
1792 56
1790 56
1808 56
1804 56
1801 56
9701 56
1594 56
1581 56
1580 56
1481 56
1477 56
1485 56
1473 56
1488 56
1474 56
1633 56
1632 56
1627 56
1630 56
1630 56
1630 56
1634 56
1631 56
1628 56
1639 56
1641 56
1641 56
2013 56
1662 56
1668 56
1644 56
1645 56
1653 56
1653 56
1656 56
1464 56
1652 56
1661 56
1474 56
1487 56
1667 56
1470 56
1472 56
1653 56
1645 56
1629 56
1650 56
1646 56
1644 56
1488 56
1644 56
2013 56
2013 56
2013 56
1488 56
1642 56
1639 56
1634 56
2013 56
2013 56
2013 56
1639 56
1639 56
2013 56
1639 56
1640 56
1625 56
1686 56
1689 56
1687 56
1713 56
1710 56
1709 56
1716 56
1718 56
1767 56
1765 56
1760 56
1761 56
1789 56
1788 56
1493 56
1480 56
1475 56
1471 34
1465 34
1469 34
1476 34
1479 34
1494 34
1505 34
1506 34
1601 34
1600 34
1588 34
1587 34
1586 34
1583 34
1582 34
1589 34
1584 34
1578 34
1576 34
1579 34
1577 34
1572 34
1574 34
1585 34
1609 34
1507 34
1508 34
1602 34
1666 34
1654 34
1655 34
1671 34
1663 34
1658 34
1657 34
1624 34
1684 34
1685 34
1714 34
1712 34
1711 34
1715 34
1717 34
1766 34
1764 34
1762 34
1763 34
1787 34
1786 34
1809 34
1807 34
1839 34
1805 34
1806 34
9702 34
1838 34
1827 34
1837 34
1825 34
1828 34
1820 34
1837 34
1842 34
1842 34
1829 34
1827 34
1837 34
1837 34
1824 34
1824 34
1819 34
1806 34
1812 34
1814 34
1830 34
1664 34
1454 34
1621 34
1623 34
1622 34
1678 34
1626 34
1679 34
1681 34
1683 34
1682 34
1720 34
1729 34
1719 34
1723 34
1721 34
1722 34
1722 34
1724 34
1726 34
1725 34
1727 34
1773 34
1774 34
1770 34
1771 34
1768 34
1772 34
1769 34
1776 34
1783 34
1782 34
1784 34
1785 34
1811 34
1811 34
1867 34
1810 34
1813 34
1509 34
1495 34
1478 34
1467 34
1466 34
1608 34
1573 34
1570 34
1569 34
1463 34
1462 34
1571 34
1053 34
