NoseFirst
1330 100
1328 100
1329 100
729 100
728 100
735 100
730 100
731 100
732 100
1354 100
1352 100
960 100
959 100
966 100
969 100
963 100
961 100
1326 100
1327 100
1331 100
1351 100
1353 100
961 100
962 100
965 100
964 100
964 100
971 100
942 100
941 100
734 86
733 86
740 86
738 86
760 86
748 86
759 86
759 86
737 86
748 86
711 86
710 86
749 86
705 86
703 86
706 86
709 86
747 86
751 86
762 86
765 86
768 86
756 86
739 86
736 86
726 86
726 86
727 86
1333 86
1332 86
1334 86
1355 86
1356 86
958 86
958 86
957 86
967 86
968 86
997 86
987 86
995 86
986 86
985 86
982 86
767 86
764 86
757 86
758 86
989 86
970 86
994 86
979 86
978 86
940 86
937 86
936 86
934 86
936 86
1368 86
929 86
980 86
918 86
1367 86
981 86
1366 86
917 86
1365 86
916 86
914 86
915 86
684 86
682 86
681 86
683 86
1347 86
685 86
686 86
1348 86
750 86
1349 86
702 86
704 86
707 86
708 86
746 86
752 86
753 86
754 86
755 86
742 86
741 86
723 86
722 86
720 86
743 86
744 86
745 86
954 86
953 86
972 86
990 86
999 86
973 86
991 86
992 86
993 86
983 86
977 86
939 86
938 86
935 86
933 86
931 86
930 86
944 86
976 86
945 86
975 86
974 86
713 86
714 86
951 86
699 86
692 86
698 86
693 86
690 86
923 86
921 86
679 86
669 86
687 86
688 86
1350 86
912 86
918 86
913 86
920 86
919 86
902 86
901 86
667 86
666 70
680 70
689 70
691 70
675 70
673 70
674 70
663 70
662 70
668 70
899 70
900 70
907 70
906 70
920 70
908 70
922 70
664 70
897 70
898 70
903 70
905 70
909 70
926 70
661 70
660 70
670 70
672 70
676 70
671 70
658 60
659 60
665 60
896 60
895 60
910 60
911 60
892 60
894 60
894 60
1949 60
891 60
656 60
657 60
1388 60
1948 60
1948 60
1387 60
1013 60
